0.404919013614
0.804386155717
0.434745333390
0.496589640599
0.787225108055
0.365616408410
0.409676668695
0.741083175560
0.531940554976
0.503724202889
0.727930493805
0.465165694794
0.577887157437
0.764378731325
0.285957319136
0.591684882536
0.707603676669
0.386271972246
0.585806837112
0.648535152325
0.486037555948
0.670778788149
0.623911186107
0.400987093582
0.666153904634
0.682446409813
0.300841940350
0.563187839748
0.806736107427
0.178875124411
0.485298116814
0.834707985890
0.260285067011
0.661150330153
0.561044911215
0.498105258492
0.650962141676
0.732994114714
0.197402932853
0.730707898003
0.649544147400
0.210138926366
0.601001691938
0.796209559336
0.069622581898
0.741346717892
0.594327296128
0.311737243440
0.525731112119
0.850650808352
0.000000000000
0.000000000000
0.525731112119
-0.850650808352
-0.525731112119
0.850650808352
0.000000000000
0.000000000000
0.525731112119
0.850650808352
0.850650808352
-0.000000000000
0.525731112119
-0.850650808352
-0.000000000000
0.525731112119
-0.000000000000
-0.525731112119
0.850650808352
-0.850650808352
-0.000000000000
-0.525731112119
-0.525731112119
-0.850650808352
0.000000000000
0.850650808352
-0.000000000000
-0.525731112119
0.525731112119
-0.850650808352
0.000000000000
0.000000000000
-0.525731112119
-0.850650808352
0.577350269190
0.577350269190
0.577350269190
0.356822089773
0.000000000000
-0.934172358963
-0.577350269190
0.577350269190
-0.577350269190
-0.356822089773
0.000000000000
0.934172358963
0.934172358963
0.356822089773
-0.000000000000
0.000000000000
0.934172358963
-0.356822089773
-0.577350269190
0.577350269190
0.577350269190
0.577350269190
-0.577350269190
0.577350269190
-0.934172358963
-0.356822089773
-0.000000000000
0.577350269190
0.577350269190
-0.577350269190
-0.000000000000
0.934172358963
0.356822089773
-0.577350269190
-0.577350269190
0.577350269190
0.934172358963
-0.356822089773
0.000000000000
0.356822089773
-0.000000000000
0.934172358963
-0.356822089773
-0.000000000000
-0.934172358963
-0.000000000000
-0.934172358963
-0.356822089773
0.577350269190
-0.577350269190
-0.577350269190
0.000000000000
-0.934172358963
0.356822089773
-0.934172358963
0.356822089773
0.000000000000
-0.577350269190
-0.577350269190
-0.577350269190
1.000000000000
0.000000000000
0.000000000000
-0.500000000000
-0.309016994375
-0.809016994375
-1.000000000000
0.000000000000
0.000000000000
0.500000000000
-0.309016994375
0.809016994375
0.500000000000
0.309016994375
-0.809016994375
-0.500000000000
0.309016994375
-0.809016994375
-0.500000000000
-0.309016994375
0.809016994375
0.809016994375
-0.500000000000
-0.309016994375
-0.309016994375
-0.809016994375
0.500000000000
-0.309016994375
0.809016994375
-0.500000000000
-0.809016994375
0.500000000000
0.309016994375
0.000000000000
-1.000000000000
0.000000000000
0.809016994375
0.500000000000
-0.309016994375
-0.000000000000
1.000000000000
0.000000000000
-0.809016994375
-0.500000000000
0.309016994375
0.809016994375
0.500000000000
0.309016994375
0.309016994375
0.809016994375
-0.500000000000
-0.309016994375
-0.809016994375
-0.500000000000
0.000000000000
-0.000000000000
1.000000000000
0.309016994375
0.809016994375
0.500000000000
0.000000000000
0.000000000000
-1.000000000000
0.309016994375
-0.809016994375
0.500000000000
-0.309016994375
0.809016994375
0.500000000000
0.309016994375
-0.809016994375
-0.500000000000
-0.809016994375
0.500000000000
-0.309016994375
-0.809016994375
-0.500000000000
-0.309016994375
0.809016994375
-0.500000000000
0.309016994375
0.500000000000
0.309016994375
0.809016994375
0.500000000000
-0.309016994375
-0.809016994375
-0.500000000000
0.309016994375
0.809016994375
0.397825848288
0.308262546768
-0.864123137460
0.290761004314
0.300615648434
-0.908343696123
0.454517910119
0.206981552960
-0.866355646438
0.349407744153
0.200665953644
-0.915230792409
0.178606770246
0.296839771734
-0.938075568139
0.235319710103
0.196486729566
-0.951849567496
0.300717607629
0.100632913618
-0.948389127499
0.181815138646
0.096979160746
-0.978538858574
0.121196828429
0.195836895713
-0.973118306814
0.112414262816
0.389191045171
-0.914272040409
0.225864937168
0.395185046986
-0.890400925874
0.245772866205
0.000535550681
-0.969327298400
0.060728894802
0.293144864681
-0.954137353659
0.005372193751
0.194621632253
-0.980863680535
0.001867290898
0.423616037181
-0.905839923092
0.065184603501
0.095863526516
-0.993257847565
-0.404919013614
0.804386155717
-0.434745333390
-0.496589640599
0.787225108055
-0.365616408410
-0.409676668695
0.741083175560
-0.531940554976
-0.503724202889
0.727930493805
-0.465165694794
-0.577887157437
0.764378731325
-0.285957319136
-0.591684882536
0.707603676669
-0.386271972246
-0.585806837112
0.648535152325
-0.486037555948
-0.670778788149
0.623911186107
-0.400987093582
-0.666153904634
0.682446409813
-0.300841940350
-0.563187839748
0.806736107427
-0.178875124411
-0.485298116814
0.834707985890
-0.260285067011
-0.661150330153
0.561044911215
-0.498105258492
-0.650962141676
0.732994114714
-0.197402932853
-0.730707898003
0.649544147400
-0.210138926366
-0.601001691938
0.796209559336
-0.069622581898
-0.741346717892
0.594327296128
-0.311737243440
-0.397825848288
0.308262546768
0.864123137460
-0.290761004314
0.300615648434
0.908343696123
-0.454517910119
0.206981552960
0.866355646438
-0.349407744153
0.200665953644
0.915230792409
-0.178606770246
0.296839771734
0.938075568139
-0.235319710103
0.196486729566
0.951849567496
-0.300717607629
0.100632913618
0.948389127499
-0.181815138646
0.096979160746
0.978538858574
-0.121196828429
0.195836895713
0.973118306814
-0.112414262816
0.389191045171
0.914272040409
-0.225864937168
0.395185046986
0.890400925874
-0.245772866205
0.000535550681
0.969327298400
-0.060728894802
0.293144864681
0.954137353659
-0.005372193751
0.194621632253
0.980863680535
-0.001867290898
0.423616037181
0.905839923092
-0.065184603501
0.095863526516
0.993257847565
0.802744861901
0.558516259872
0.208950410742
0.787350644913
0.607524924786
0.104844779173
0.864194578814
0.460175658611
0.203484872092
0.853131947042
0.511984631986
0.100187911178
0.756493927683
0.653993676692
0.003034505744
0.827004592639
0.562168097603
-0.005516683077
0.886524444740
0.462681449795
0.000533754210
0.852593926795
0.511543250755
-0.106804019584
0.787350733064
0.607542650515
-0.104741352623
0.675602102565
0.737260272186
0.003014973646
0.711163053981
0.695115777853
0.105172078193
0.906923196358
0.409148926389
-0.100436407461
0.711691036479
0.695461593627
-0.099141516963
0.736080091755
0.646223949068
-0.201446534282
0.602868982835
0.795055510094
-0.066601241759
0.806531321393
0.554040995621
-0.206266339432
-0.099312136025
0.993261593262
-0.059736981743
-0.195770869261
0.973141333195
-0.121118588069
-0.003496680868
0.992116213587
-0.125272470878
-0.100478042466
0.977150326779
-0.187300298604
-0.293805265990
0.939950995828
-0.173696836814
-0.202003412643
0.948440069849
-0.244245890826
-0.100099159407
0.948719005743
-0.299853975175
-0.203783180330
0.912530344337
-0.354627672468
-0.300578248336
0.908384590865
-0.290671897001
-0.386176071525
0.916135396598
-0.107535932982
-0.290012968793
0.955400844864
-0.055692939984
-0.100971958142
0.907254184881
-0.408282387184
-0.392286381644
0.892864526479
-0.221143238945
-0.396068166536
0.856362875433
-0.331319533135
-0.490217278939
0.864678091993
-0.109630363757
-0.302129865948
0.865778239062
-0.398930551437
-0.305606877588
0.743007880158
0.595435744975
-0.300818771338
0.666232056844
0.682380328881
-0.406179987827
0.738922107936
0.537598303469
-0.403246160423
0.665831648438
0.627742582626
-0.284081891447
0.582797090869
0.761344225581
-0.389681469893
0.582758701812
0.713120359746
-0.485707677705
0.586670469566
0.648001398114
-0.466995607820
0.497966254328
0.730715205691
-0.365575656299
0.496678836063
0.787187762436
-0.177011768223
0.568066169582
0.803721133781
-0.195285148020
0.655470113997
0.729535907697
-0.560178372011
0.498640809173
0.661481318676
-0.258675760032
0.490547797534
0.832135631677
-0.334639731468
0.404760558619
0.850990681682
-0.110784412998
0.493238619079
0.862810801095
-0.439216851944
0.407600769956
0.800593635560
0.595435744975
-0.305606877588
0.743007880158
0.682380328881
-0.300818771338
0.666232056844
0.537598303469
-0.406179987827
0.738922107936
0.627742582626
-0.403246160423
0.665831648438
0.761344225581
-0.284081891447
0.582797090869
0.713120359746
-0.389681469893
0.582758701812
0.648001398114
-0.485707677705
0.586670469566
0.730715205691
-0.466995607820
0.497966254328
0.787187762436
-0.365575656299
0.496678836063
0.803721133781
-0.177011768223
0.568066169582
0.729535907697
-0.195285148020
0.655470113997
0.661481318676
-0.560178372011
0.498640809173
0.832135631677
-0.258675760032
0.490547797534
0.850990681682
-0.334639731468
0.404760558619
0.862810801095
-0.110784412998
0.493238619079
0.800593635560
-0.439216851944
0.407600769956
-0.993261593262
-0.059736981743
0.099312136025
-0.973141333195
-0.121118588069
0.195770869261
-0.992116213587
-0.125272470878
0.003496680868
-0.977150326779
-0.187300298604
0.100478042466
-0.939950995828
-0.173696836814
0.293805265990
-0.948440069849
-0.244245890826
0.202003412643
-0.948719005743
-0.299853975175
0.100099159407
-0.912530344337
-0.354627672468
0.203783180330
-0.908384590865
-0.290671897001
0.300578248336
-0.916135396598
-0.107535932982
0.386176071525
-0.955400844864
-0.055692939984
0.290012968793
-0.907254184881
-0.408282387184
0.100971958142
-0.892864526479
-0.221143238945
0.392286381644
-0.856362875433
-0.331319533135
0.396068166536
-0.864678091993
-0.109630363757
0.490217278939
-0.865778239062
-0.398930551437
0.302129865948
0.743007880158
0.595435744975
-0.305606877588
0.666232056844
0.682380328881
-0.300818771338
0.738922107936
0.537598303469
-0.406179987827
0.665831648438
0.627742582626
-0.403246160423
0.582797090869
0.761344225581
-0.284081891447
0.582758701812
0.713120359746
-0.389681469893
0.586670469566
0.648001398114
-0.485707677705
0.497966254328
0.730715205691
-0.466995607820
0.496678836063
0.787187762436
-0.365575656299
0.568066169582
0.803721133781
-0.177011768223
0.655470113997
0.729535907697
-0.195285148020
0.498640809173
0.661481318676
-0.560178372011
0.490547797534
0.832135631677
-0.258675760032
0.404760558619
0.850990681682
-0.334639731468
0.493238619079
0.862810801095
-0.110784412998
0.407600769956
0.800593635560
-0.439216851944
0.208950410742
0.802744861901
0.558516259872
0.104844779173
0.787350644913
0.607524924786
0.203484872092
0.864194578814
0.460175658611
0.100187911178
0.853131947042
0.511984631986
0.003034505744
0.756493927683
0.653993676692
-0.005516683077
0.827004592639
0.562168097603
0.000533754210
0.886524444740
0.462681449795
-0.106804019584
0.852593926795
0.511543250755
-0.104741352623
0.787350733064
0.607542650515
0.003014973646
0.675602102565
0.737260272186
0.105172078193
0.711163053981
0.695115777853
-0.100436407461
0.906923196358
0.409148926389
-0.099141516963
0.711691036479
0.695461593627
-0.201446534282
0.736080091755
0.646223949068
-0.066601241759
0.602868982835
0.795055510094
-0.206266339432
0.806531321393
0.554040995621
-0.434745333390
-0.404919013614
0.804386155717
-0.365616408410
-0.496589640599
0.787225108055
-0.531940554976
-0.409676668695
0.741083175560
-0.465165694794
-0.503724202889
0.727930493805
-0.285957319136
-0.577887157437
0.764378731325
-0.386271972246
-0.591684882536
0.707603676669
-0.486037555948
-0.585806837112
0.648535152325
-0.400987093582
-0.670778788149
0.623911186107
-0.300841940350
-0.666153904634
0.682446409813
-0.178875124411
-0.563187839748
0.806736107427
-0.260285067011
-0.485298116814
0.834707985890
-0.498105258492
-0.661150330153
0.561044911215
-0.197402932853
-0.650962141676
0.732994114714
-0.210138926366
-0.730707898003
0.649544147400
-0.069622581898
-0.601001691938
0.796209559336
-0.311737243440
-0.741346717892
0.594327296128
0.864123137460
-0.397825848288
0.308262546768
0.908343696123
-0.290761004314
0.300615648434
0.866355646438
-0.454517910119
0.206981552960
0.915230792409
-0.349407744153
0.200665953644
0.938075568139
-0.178606770246
0.296839771734
0.951849567496
-0.235319710103
0.196486729566
0.948389127499
-0.300717607629
0.100632913618
0.978538858574
-0.181815138646
0.096979160746
0.973118306814
-0.121196828429
0.195836895713
0.914272040409
-0.112414262816
0.389191045171
0.890400925874
-0.225864937168
0.395185046986
0.969327298400
-0.245772866205
0.000535550681
0.954137353659
-0.060728894802
0.293144864681
0.980863680535
-0.005372193751
0.194621632253
0.905839923092
-0.001867290898
0.423616037181
0.993257847565
-0.065184603501
0.095863526516
0.434745333390
0.404919013614
0.804386155717
0.365616408410
0.496589640599
0.787225108055
0.531940554976
0.409676668695
0.741083175560
0.465165694794
0.503724202889
0.727930493805
0.285957319136
0.577887157437
0.764378731325
0.386271972246
0.591684882536
0.707603676669
0.486037555948
0.585806837112
0.648535152325
0.400987093582
0.670778788149
0.623911186107
0.300841940350
0.666153904634
0.682446409813
0.178875124411
0.563187839748
0.806736107427
0.260285067011
0.485298116814
0.834707985890
0.498105258492
0.661150330153
0.561044911215
0.197402932853
0.650962141676
0.732994114714
0.210138926366
0.730707898003
0.649544147400
0.069622581898
0.601001691938
0.796209559336
0.311737243440
0.741346717892
0.594327296128
-0.059736981743
-0.099312136025
0.993261593262
-0.121118588069
-0.195770869261
0.973141333195
-0.125272470878
-0.003496680868
0.992116213587
-0.187300298604
-0.100478042466
0.977150326779
-0.173696836814
-0.293805265990
0.939950995828
-0.244245890826
-0.202003412643
0.948440069849
-0.299853975175
-0.100099159407
0.948719005743
-0.354627672468
-0.203783180330
0.912530344337
-0.290671897001
-0.300578248336
0.908384590865
-0.107535932982
-0.386176071525
0.916135396598
-0.055692939984
-0.290012968793
0.955400844864
-0.408282387184
-0.100971958142
0.907254184881
-0.221143238945
-0.392286381644
0.892864526479
-0.331319533135
-0.396068166536
0.856362875433
-0.109630363757
-0.490217278939
0.864678091993
-0.398930551437
-0.302129865948
0.865778239062
0.059736981743
0.099312136025
0.993261593262
0.121118588069
0.195770869261
0.973141333195
0.125272470878
0.003496680868
0.992116213587
0.187300298604
0.100478042466
0.977150326779
0.173696836814
0.293805265990
0.939950995828
0.244245890826
0.202003412643
0.948440069849
0.299853975175
0.100099159407
0.948719005743
0.354627672468
0.203783180330
0.912530344337
0.290671897001
0.300578248336
0.908384590865
0.107535932982
0.386176071525
0.916135396598
0.055692939984
0.290012968793
0.955400844864
0.408282387184
0.100971958142
0.907254184881
0.221143238945
0.392286381644
0.892864526479
0.331319533135
0.396068166536
0.856362875433
0.109630363757
0.490217278939
0.864678091993
0.398930551437
0.302129865948
0.865778239062
-0.308262546768
0.864123137460
0.397825848288
-0.300615648434
0.908343696123
0.290761004314
-0.206981552960
0.866355646438
0.454517910119
-0.200665953644
0.915230792409
0.349407744153
-0.296839771734
0.938075568139
0.178606770246
-0.196486729566
0.951849567496
0.235319710103
-0.100632913618
0.948389127499
0.300717607629
-0.096979160746
0.978538858574
0.181815138646
-0.195836895713
0.973118306814
0.121196828429
-0.389191045171
0.914272040409
0.112414262816
-0.395185046986
0.890400925874
0.225864937168
-0.000535550681
0.969327298400
0.245772866205
-0.293144864681
0.954137353659
0.060728894802
-0.194621632253
0.980863680535
0.005372193751
-0.423616037181
0.905839923092
0.001867290898
-0.095863526516
0.993257847565
0.065184603501
-0.558516259872
0.208950410742
-0.802744861901
-0.607524924786
0.104844779173
-0.787350644913
-0.460175658611
0.203484872092
-0.864194578814
-0.511984631986
0.100187911178
-0.853131947042
-0.653993676692
0.003034505744
-0.756493927683
-0.562168097603
-0.005516683077
-0.827004592639
-0.462681449795
0.000533754210
-0.886524444740
-0.511543250755
-0.106804019584
-0.852593926795
-0.607542650515
-0.104741352623
-0.787350733064
-0.737260272186
0.003014973646
-0.675602102565
-0.695115777853
0.105172078193
-0.711163053981
-0.409148926389
-0.100436407461
-0.906923196358
-0.695461593627
-0.099141516963
-0.711691036479
-0.646223949068
-0.201446534282
-0.736080091755
-0.795055510094
-0.066601241759
-0.602868982835
-0.554040995621
-0.206266339432
-0.806531321393
-0.804386155717
-0.434745333390
0.404919013614
-0.787225108055
-0.365616408410
0.496589640599
-0.741083175560
-0.531940554976
0.409676668695
-0.727930493805
-0.465165694794
0.503724202889
-0.764378731325
-0.285957319136
0.577887157437
-0.707603676669
-0.386271972246
0.591684882536
-0.648535152325
-0.486037555948
0.585806837112
-0.623911186107
-0.400987093582
0.670778788149
-0.682446409813
-0.300841940350
0.666153904634
-0.806736107427
-0.178875124411
0.563187839748
-0.834707985890
-0.260285067011
0.485298116814
-0.561044911215
-0.498105258492
0.661150330153
-0.732994114714
-0.197402932853
0.650962141676
-0.649544147400
-0.210138926366
0.730707898003
-0.796209559336
-0.069622581898
0.601001691938
-0.594327296128
-0.311737243440
0.741346717892
-0.743007880158
0.595435744975
0.305606877588
-0.666232056844
0.682380328881
0.300818771338
-0.738922107936
0.537598303469
0.406179987827
-0.665831648438
0.627742582626
0.403246160423
-0.582797090869
0.761344225581
0.284081891447
-0.582758701812
0.713120359746
0.389681469893
-0.586670469566
0.648001398114
0.485707677705
-0.497966254328
0.730715205691
0.466995607820
-0.496678836063
0.787187762436
0.365575656299
-0.568066169582
0.803721133781
0.177011768223
-0.655470113997
0.729535907697
0.195285148020
-0.498640809173
0.661481318676
0.560178372011
-0.490547797534
0.832135631677
0.258675760032
-0.404760558619
0.850990681682
0.334639731468
-0.493238619079
0.862810801095
0.110784412998
-0.407600769956
0.800593635560
0.439216851944
-0.804386155717
0.434745333390
-0.404919013614
-0.787225108055
0.365616408410
-0.496589640599
-0.741083175560
0.531940554976
-0.409676668695
-0.727930493805
0.465165694794
-0.503724202889
-0.764378731325
0.285957319136
-0.577887157437
-0.707603676669
0.386271972246
-0.591684882536
-0.648535152325
0.486037555948
-0.585806837112
-0.623911186107
0.400987093582
-0.670778788149
-0.682446409813
0.300841940350
-0.666153904634
-0.806736107427
0.178875124411
-0.563187839748
-0.834707985890
0.260285067011
-0.485298116814
-0.561044911215
0.498105258492
-0.661150330153
-0.732994114714
0.197402932853
-0.650962141676
-0.649544147400
0.210138926366
-0.730707898003
-0.796209559336
0.069622581898
-0.601001691938
-0.594327296128
0.311737243440
-0.741346717892
-0.308262546768
-0.864123137460
-0.397825848288
-0.300615648434
-0.908343696123
-0.290761004314
-0.206981552960
-0.866355646438
-0.454517910119
-0.200665953644
-0.915230792409
-0.349407744153
-0.296839771734
-0.938075568139
-0.178606770246
-0.196486729566
-0.951849567496
-0.235319710103
-0.100632913618
-0.948389127499
-0.300717607629
-0.096979160746
-0.978538858574
-0.181815138646
-0.195836895713
-0.973118306814
-0.121196828429
-0.389191045171
-0.914272040409
-0.112414262816
-0.395185046986
-0.890400925874
-0.225864937168
-0.000535550681
-0.969327298400
-0.245772866205
-0.293144864681
-0.954137353659
-0.060728894802
-0.194621632253
-0.980863680535
-0.005372193751
-0.423616037181
-0.905839923092
-0.001867290898
-0.095863526516
-0.993257847565
-0.065184603501
0.558516259872
0.208950410742
0.802744861901
0.607524924786
0.104844779173
0.787350644913
0.460175658611
0.203484872092
0.864194578814
0.511984631986
0.100187911178
0.853131947042
0.653993676692
0.003034505744
0.756493927683
0.562168097603
-0.005516683077
0.827004592639
0.462681449795
0.000533754210
0.886524444740
0.511543250755
-0.106804019584
0.852593926795
0.607542650515
-0.104741352623
0.787350733064
0.737260272186
0.003014973646
0.675602102565
0.695115777853
0.105172078193
0.711163053981
0.409148926389
-0.100436407461
0.906923196358
0.695461593627
-0.099141516963
0.711691036479
0.646223949068
-0.201446534282
0.736080091755
0.795055510094
-0.066601241759
0.602868982835
0.554040995621
-0.206266339432
0.806531321393
0.804386155717
-0.434745333390
-0.404919013614
0.787225108055
-0.365616408410
-0.496589640599
0.741083175560
-0.531940554976
-0.409676668695
0.727930493805
-0.465165694794
-0.503724202889
0.764378731325
-0.285957319136
-0.577887157437
0.707603676669
-0.386271972246
-0.591684882536
0.648535152325
-0.486037555948
-0.585806837112
0.623911186107
-0.400987093582
-0.670778788149
0.682446409813
-0.300841940350
-0.666153904634
0.806736107427
-0.178875124411
-0.563187839748
0.834707985890
-0.260285067011
-0.485298116814
0.561044911215
-0.498105258492
-0.661150330153
0.732994114714
-0.197402932853
-0.650962141676
0.649544147400
-0.210138926366
-0.730707898003
0.796209559336
-0.069622581898
-0.601001691938
0.594327296128
-0.311737243440
-0.741346717892
0.308262546768
0.864123137460
-0.397825848288
0.300615648434
0.908343696123
-0.290761004314
0.206981552960
0.866355646438
-0.454517910119
0.200665953644
0.915230792409
-0.349407744153
0.296839771734
0.938075568139
-0.178606770246
0.196486729566
0.951849567496
-0.235319710103
0.100632913618
0.948389127499
-0.300717607629
0.096979160746
0.978538858574
-0.181815138646
0.195836895713
0.973118306814
-0.121196828429
0.389191045171
0.914272040409
-0.112414262816
0.395185046986
0.890400925874
-0.225864937168
0.000535550681
0.969327298400
-0.245772866205
0.293144864681
0.954137353659
-0.060728894802
0.194621632253
0.980863680535
-0.005372193751
0.423616037181
0.905839923092
-0.001867290898
0.095863526516
0.993257847565
-0.065184603501
0.804386155717
0.434745333390
0.404919013614
0.787225108055
0.365616408410
0.496589640599
0.741083175560
0.531940554976
0.409676668695
0.727930493805
0.465165694794
0.503724202889
0.764378731325
0.285957319136
0.577887157437
0.707603676669
0.386271972246
0.591684882536
0.648535152325
0.486037555948
0.585806837112
0.623911186107
0.400987093582
0.670778788149
0.682446409813
0.300841940350
0.666153904634
0.806736107427
0.178875124411
0.563187839748
0.834707985890
0.260285067011
0.485298116814
0.561044911215
0.498105258492
0.661150330153
0.732994114714
0.197402932853
0.650962141676
0.649544147400
0.210138926366
0.730707898003
0.796209559336
0.069622581898
0.601001691938
0.594327296128
0.311737243440
0.741346717892
0.993261593262
-0.059736981743
-0.099312136025
0.973141333195
-0.121118588069
-0.195770869261
0.992116213587
-0.125272470878
-0.003496680868
0.977150326779
-0.187300298604
-0.100478042466
0.939950995828
-0.173696836814
-0.293805265990
0.948440069849
-0.244245890826
-0.202003412643
0.948719005743
-0.299853975175
-0.100099159407
0.912530344337
-0.354627672468
-0.203783180330
0.908384590865
-0.290671897001
-0.300578248336
0.916135396598
-0.107535932982
-0.386176071525
0.955400844864
-0.055692939984
-0.290012968793
0.907254184881
-0.408282387184
-0.100971958142
0.892864526479
-0.221143238945
-0.392286381644
0.856362875433
-0.331319533135
-0.396068166536
0.864678091993
-0.109630363757
-0.490217278939
0.865778239062
-0.398930551437
-0.302129865948
-0.059736981743
0.099312136025
-0.993261593262
-0.121118588069
0.195770869261
-0.973141333195
-0.125272470878
0.003496680868
-0.992116213587
-0.187300298604
0.100478042466
-0.977150326779
-0.173696836814
0.293805265990
-0.939950995828
-0.244245890826
0.202003412643
-0.948440069849
-0.299853975175
0.100099159407
-0.948719005743
-0.354627672468
0.203783180330
-0.912530344337
-0.290671897001
0.300578248336
-0.908384590865
-0.107535932982
0.386176071525
-0.916135396598
-0.055692939984
0.290012968793
-0.955400844864
-0.408282387184
0.100971958142
-0.907254184881
-0.221143238945
0.392286381644
-0.892864526479
-0.331319533135
0.396068166536
-0.856362875433
-0.109630363757
0.490217278939
-0.864678091993
-0.398930551437
0.302129865948
-0.865778239062
0.308262546768
-0.864123137460
0.397825848288
0.300615648434
-0.908343696123
0.290761004314
0.206981552960
-0.866355646438
0.454517910119
0.200665953644
-0.915230792409
0.349407744153
0.296839771734
-0.938075568139
0.178606770246
0.196486729566
-0.951849567496
0.235319710103
0.100632913618
-0.948389127499
0.300717607629
0.096979160746
-0.978538858574
0.181815138646
0.195836895713
-0.973118306814
0.121196828429
0.389191045171
-0.914272040409
0.112414262816
0.395185046986
-0.890400925874
0.225864937168
0.000535550681
-0.969327298400
0.245772866205
0.293144864681
-0.954137353659
0.060728894802
0.194621632253
-0.980863680535
0.005372193751
0.423616037181
-0.905839923092
0.001867290898
0.095863526516
-0.993257847565
0.065184603501
-0.864123137460
0.397825848288
0.308262546768
-0.908343696123
0.290761004314
0.300615648434
-0.866355646438
0.454517910119
0.206981552960
-0.915230792409
0.349407744153
0.200665953644
-0.938075568139
0.178606770246
0.296839771734
-0.951849567496
0.235319710103
0.196486729566
-0.948389127499
0.300717607629
0.100632913618
-0.978538858574
0.181815138646
0.096979160746
-0.973118306814
0.121196828429
0.195836895713
-0.914272040409
0.112414262816
0.389191045171
-0.890400925874
0.225864937168
0.395185046986
-0.969327298400
0.245772866205
0.000535550681
-0.954137353659
0.060728894802
0.293144864681
-0.980863680535
0.005372193751
0.194621632253
-0.905839923092
0.001867290898
0.423616037181
-0.993257847565
0.065184603501
0.095863526516
-0.208950410742
-0.802744861901
0.558516259872
-0.104844779173
-0.787350644913
0.607524924786
-0.203484872092
-0.864194578814
0.460175658611
-0.100187911178
-0.853131947042
0.511984631986
-0.003034505744
-0.756493927683
0.653993676692
0.005516683077
-0.827004592639
0.562168097603
-0.000533754210
-0.886524444740
0.462681449795
0.106804019584
-0.852593926795
0.511543250755
0.104741352623
-0.787350733064
0.607542650515
-0.003014973646
-0.675602102565
0.737260272186
-0.105172078193
-0.711163053981
0.695115777853
0.100436407461
-0.906923196358
0.409148926389
0.099141516963
-0.711691036479
0.695461593627
0.201446534282
-0.736080091755
0.646223949068
0.066601241759
-0.602868982835
0.795055510094
0.206266339432
-0.806531321393
0.554040995621
-0.595435744975
0.305606877588
0.743007880158
-0.682380328881
0.300818771338
0.666232056844
-0.537598303469
0.406179987827
0.738922107936
-0.627742582626
0.403246160423
0.665831648438
-0.761344225581
0.284081891447
0.582797090869
-0.713120359746
0.389681469893
0.582758701812
-0.648001398114
0.485707677705
0.586670469566
-0.730715205691
0.466995607820
0.497966254328
-0.787187762436
0.365575656299
0.496678836063
-0.803721133781
0.177011768223
0.568066169582
-0.729535907697
0.195285148020
0.655470113997
-0.661481318676
0.560178372011
0.498640809173
-0.832135631677
0.258675760032
0.490547797534
-0.850990681682
0.334639731468
0.404760558619
-0.862810801095
0.110784412998
0.493238619079
-0.800593635560
0.439216851944
0.407600769956
-0.743007880158
-0.595435744975
-0.305606877588
-0.666232056844
-0.682380328881
-0.300818771338
-0.738922107936
-0.537598303469
-0.406179987827
-0.665831648438
-0.627742582626
-0.403246160423
-0.582797090869
-0.761344225581
-0.284081891447
-0.582758701812
-0.713120359746
-0.389681469893
-0.586670469566
-0.648001398114
-0.485707677705
-0.497966254328
-0.730715205691
-0.466995607820
-0.496678836063
-0.787187762436
-0.365575656299
-0.568066169582
-0.803721133781
-0.177011768223
-0.655470113997
-0.729535907697
-0.195285148020
-0.498640809173
-0.661481318676
-0.560178372011
-0.490547797534
-0.832135631677
-0.258675760032
-0.404760558619
-0.850990681682
-0.334639731468
-0.493238619079
-0.862810801095
-0.110784412998
-0.407600769956
-0.800593635560
-0.439216851944
0.305606877588
-0.743007880158
0.595435744975
0.300818771338
-0.666232056844
0.682380328881
0.406179987827
-0.738922107936
0.537598303469
0.403246160423
-0.665831648438
0.627742582626
0.284081891447
-0.582797090869
0.761344225581
0.389681469893
-0.582758701812
0.713120359746
0.485707677705
-0.586670469566
0.648001398114
0.466995607820
-0.497966254328
0.730715205691
0.365575656299
-0.496678836063
0.787187762436
0.177011768223
-0.568066169582
0.803721133781
0.195285148020
-0.655470113997
0.729535907697
0.560178372011
-0.498640809173
0.661481318676
0.258675760032
-0.490547797534
0.832135631677
0.334639731468
-0.404760558619
0.850990681682
0.110784412998
-0.493238619079
0.862810801095
0.439216851944
-0.407600769956
0.800593635560
-0.558516259872
-0.208950410742
0.802744861901
-0.607524924786
-0.104844779173
0.787350644913
-0.460175658611
-0.203484872092
0.864194578814
-0.511984631986
-0.100187911178
0.853131947042
-0.653993676692
-0.003034505744
0.756493927683
-0.562168097603
0.005516683077
0.827004592639
-0.462681449795
-0.000533754210
0.886524444740
-0.511543250755
0.106804019584
0.852593926795
-0.607542650515
0.104741352623
0.787350733064
-0.737260272186
-0.003014973646
0.675602102565
-0.695115777853
-0.105172078193
0.711163053981
-0.409148926389
0.100436407461
0.906923196358
-0.695461593627
0.099141516963
0.711691036479
-0.646223949068
0.201446534282
0.736080091755
-0.795055510094
0.066601241759
0.602868982835
-0.554040995621
0.206266339432
0.806531321393
0.099312136025
-0.993261593262
-0.059736981743
0.195770869261
-0.973141333195
-0.121118588069
0.003496680868
-0.992116213587
-0.125272470878
0.100478042466
-0.977150326779
-0.187300298604
0.293805265990
-0.939950995828
-0.173696836814
0.202003412643
-0.948440069849
-0.244245890826
0.100099159407
-0.948719005743
-0.299853975175
0.203783180330
-0.912530344337
-0.354627672468
0.300578248336
-0.908384590865
-0.290671897001
0.386176071525
-0.916135396598
-0.107535932982
0.290012968793
-0.955400844864
-0.055692939984
0.100971958142
-0.907254184881
-0.408282387184
0.392286381644
-0.892864526479
-0.221143238945
0.396068166536
-0.856362875433
-0.331319533135
0.490217278939
-0.864678091993
-0.109630363757
0.302129865948
-0.865778239062
-0.398930551437
0.993261593262
0.059736981743
0.099312136025
0.973141333195
0.121118588069
0.195770869261
0.992116213587
0.125272470878
0.003496680868
0.977150326779
0.187300298604
0.100478042466
0.939950995828
0.173696836814
0.293805265990
0.948440069849
0.244245890826
0.202003412643
0.948719005743
0.299853975175
0.100099159407
0.912530344337
0.354627672468
0.203783180330
0.908384590865
0.290671897001
0.300578248336
0.916135396598
0.107535932982
0.386176071525
0.955400844864
0.055692939984
0.290012968793
0.907254184881
0.408282387184
0.100971958142
0.892864526479
0.221143238945
0.392286381644
0.856362875433
0.331319533135
0.396068166536
0.864678091993
0.109630363757
0.490217278939
0.865778239062
0.398930551437
0.302129865948
0.397825848288
-0.308262546768
0.864123137460
0.290761004314
-0.300615648434
0.908343696123
0.454517910119
-0.206981552960
0.866355646438
0.349407744153
-0.200665953644
0.915230792409
0.178606770246
-0.296839771734
0.938075568139
0.235319710103
-0.196486729566
0.951849567496
0.300717607629
-0.100632913618
0.948389127499
0.181815138646
-0.096979160746
0.978538858574
0.121196828429
-0.195836895713
0.973118306814
0.112414262816
-0.389191045171
0.914272040409
0.225864937168
-0.395185046986
0.890400925874
0.245772866205
-0.000535550681
0.969327298400
0.060728894802
-0.293144864681
0.954137353659
0.005372193751
-0.194621632253
0.980863680535
0.001867290898
-0.423616037181
0.905839923092
0.065184603501
-0.095863526516
0.993257847565
0.558516259872
-0.208950410742
-0.802744861901
0.607524924786
-0.104844779173
-0.787350644913
0.460175658611
-0.203484872092
-0.864194578814
0.511984631986
-0.100187911178
-0.853131947042
0.653993676692
-0.003034505744
-0.756493927683
0.562168097603
0.005516683077
-0.827004592639
0.462681449795
-0.000533754210
-0.886524444740
0.511543250755
0.106804019584
-0.852593926795
0.607542650515
0.104741352623
-0.787350733064
0.737260272186
-0.003014973646
-0.675602102565
0.695115777853
-0.105172078193
-0.711163053981
0.409148926389
0.100436407461
-0.906923196358
0.695461593627
0.099141516963
-0.711691036479
0.646223949068
0.201446534282
-0.736080091755
0.795055510094
0.066601241759
-0.602868982835
0.554040995621
0.206266339432
-0.806531321393
-0.802744861901
-0.558516259872
0.208950410742
-0.787350644913
-0.607524924786
0.104844779173
-0.864194578814
-0.460175658611
0.203484872092
-0.853131947042
-0.511984631986
0.100187911178
-0.756493927683
-0.653993676692
0.003034505744
-0.827004592639
-0.562168097603
-0.005516683077
-0.886524444740
-0.462681449795
0.000533754210
-0.852593926795
-0.511543250755
-0.106804019584
-0.787350733064
-0.607542650515
-0.104741352623
-0.675602102565
-0.737260272186
0.003014973646
-0.711163053981
-0.695115777853
0.105172078193
-0.906923196358
-0.409148926389
-0.100436407461
-0.711691036479
-0.695461593627
-0.099141516963
-0.736080091755
-0.646223949068
-0.201446534282
-0.602868982835
-0.795055510094
-0.066601241759
-0.806531321393
-0.554040995621
-0.206266339432
0.743007880158
-0.595435744975
0.305606877588
0.666232056844
-0.682380328881
0.300818771338
0.738922107936
-0.537598303469
0.406179987827
0.665831648438
-0.627742582626
0.403246160423
0.582797090869
-0.761344225581
0.284081891447
0.582758701812
-0.713120359746
0.389681469893
0.586670469566
-0.648001398114
0.485707677705
0.497966254328
-0.730715205691
0.466995607820
0.496678836063
-0.787187762436
0.365575656299
0.568066169582
-0.803721133781
0.177011768223
0.655470113997
-0.729535907697
0.195285148020
0.498640809173
-0.661481318676
0.560178372011
0.490547797534
-0.832135631677
0.258675760032
0.404760558619
-0.850990681682
0.334639731468
0.493238619079
-0.862810801095
0.110784412998
0.407600769956
-0.800593635560
0.439216851944
-0.305606877588
-0.743007880158
-0.595435744975
-0.300818771338
-0.666232056844
-0.682380328881
-0.406179987827
-0.738922107936
-0.537598303469
-0.403246160423
-0.665831648438
-0.627742582626
-0.284081891447
-0.582797090869
-0.761344225581
-0.389681469893
-0.582758701812
-0.713120359746
-0.485707677705
-0.586670469566
-0.648001398114
-0.466995607820
-0.497966254328
-0.730715205691
-0.365575656299
-0.496678836063
-0.787187762436
-0.177011768223
-0.568066169582
-0.803721133781
-0.195285148020
-0.655470113997
-0.729535907697
-0.560178372011
-0.498640809173
-0.661481318676
-0.258675760032
-0.490547797534
-0.832135631677
-0.334639731468
-0.404760558619
-0.850990681682
-0.110784412998
-0.493238619079
-0.862810801095
-0.439216851944
-0.407600769956
-0.800593635560
0.305606877588
0.743007880158
-0.595435744975
0.300818771338
0.666232056844
-0.682380328881
0.406179987827
0.738922107936
-0.537598303469
0.403246160423
0.665831648438
-0.627742582626
0.284081891447
0.582797090869
-0.761344225581
0.389681469893
0.582758701812
-0.713120359746
0.485707677705
0.586670469566
-0.648001398114
0.466995607820
0.497966254328
-0.730715205691
0.365575656299
0.496678836063
-0.787187762436
0.177011768223
0.568066169582
-0.803721133781
0.195285148020
0.655470113997
-0.729535907697
0.560178372011
0.498640809173
-0.661481318676
0.258675760032
0.490547797534
-0.832135631677
0.334639731468
0.404760558619
-0.850990681682
0.110784412998
0.493238619079
-0.862810801095
0.439216851944
0.407600769956
-0.800593635560
-0.595435744975
-0.305606877588
-0.743007880158
-0.682380328881
-0.300818771338
-0.666232056844
-0.537598303469
-0.406179987827
-0.738922107936
-0.627742582626
-0.403246160423
-0.665831648438
-0.761344225581
-0.284081891447
-0.582797090869
-0.713120359746
-0.389681469893
-0.582758701812
-0.648001398114
-0.485707677705
-0.586670469566
-0.730715205691
-0.466995607820
-0.497966254328
-0.787187762436
-0.365575656299
-0.496678836063
-0.803721133781
-0.177011768223
-0.568066169582
-0.729535907697
-0.195285148020
-0.655470113997
-0.661481318676
-0.560178372011
-0.498640809173
-0.832135631677
-0.258675760032
-0.490547797534
-0.850990681682
-0.334639731468
-0.404760558619
-0.862810801095
-0.110784412998
-0.493238619079
-0.800593635560
-0.439216851944
-0.407600769956
-0.802744861901
0.558516259872
-0.208950410742
-0.787350644913
0.607524924786
-0.104844779173
-0.864194578814
0.460175658611
-0.203484872092
-0.853131947042
0.511984631986
-0.100187911178
-0.756493927683
0.653993676692
-0.003034505744
-0.827004592639
0.562168097603
0.005516683077
-0.886524444740
0.462681449795
-0.000533754210
-0.852593926795
0.511543250755
0.106804019584
-0.787350733064
0.607542650515
0.104741352623
-0.675602102565
0.737260272186
-0.003014973646
-0.711163053981
0.695115777853
-0.105172078193
-0.906923196358
0.409148926389
0.100436407461
-0.711691036479
0.695461593627
0.099141516963
-0.736080091755
0.646223949068
0.201446534282
-0.602868982835
0.795055510094
0.066601241759
-0.806531321393
0.554040995621
0.206266339432
-0.208950410742
0.802744861901
-0.558516259872
-0.104844779173
0.787350644913
-0.607524924786
-0.203484872092
0.864194578814
-0.460175658611
-0.100187911178
0.853131947042
-0.511984631986
-0.003034505744
0.756493927683
-0.653993676692
0.005516683077
0.827004592639
-0.562168097603
-0.000533754210
0.886524444740
-0.462681449795
0.106804019584
0.852593926795
-0.511543250755
0.104741352623
0.787350733064
-0.607542650515
-0.003014973646
0.675602102565
-0.737260272186
-0.105172078193
0.711163053981
-0.695115777853
0.100436407461
0.906923196358
-0.409148926389
0.099141516963
0.711691036479
-0.695461593627
0.201446534282
0.736080091755
-0.646223949068
0.066601241759
0.602868982835
-0.795055510094
0.206266339432
0.806531321393
-0.554040995621
0.434745333390
-0.404919013614
-0.804386155717
0.365616408410
-0.496589640599
-0.787225108055
0.531940554976
-0.409676668695
-0.741083175560
0.465165694794
-0.503724202889
-0.727930493805
0.285957319136
-0.577887157437
-0.764378731325
0.386271972246
-0.591684882536
-0.707603676669
0.486037555948
-0.585806837112
-0.648535152325
0.400987093582
-0.670778788149
-0.623911186107
0.300841940350
-0.666153904634
-0.682446409813
0.178875124411
-0.563187839748
-0.806736107427
0.260285067011
-0.485298116814
-0.834707985890
0.498105258492
-0.661150330153
-0.561044911215
0.197402932853
-0.650962141676
-0.732994114714
0.210138926366
-0.730707898003
-0.649544147400
0.069622581898
-0.601001691938
-0.796209559336
0.311737243440
-0.741346717892
-0.594327296128
-0.864123137460
-0.397825848288
-0.308262546768
-0.908343696123
-0.290761004314
-0.300615648434
-0.866355646438
-0.454517910119
-0.206981552960
-0.915230792409
-0.349407744153
-0.200665953644
-0.938075568139
-0.178606770246
-0.296839771734
-0.951849567496
-0.235319710103
-0.196486729566
-0.948389127499
-0.300717607629
-0.100632913618
-0.978538858574
-0.181815138646
-0.096979160746
-0.973118306814
-0.121196828429
-0.195836895713
-0.914272040409
-0.112414262816
-0.389191045171
-0.890400925874
-0.225864937168
-0.395185046986
-0.969327298400
-0.245772866205
-0.000535550681
-0.954137353659
-0.060728894802
-0.293144864681
-0.980863680535
-0.005372193751
-0.194621632253
-0.905839923092
-0.001867290898
-0.423616037181
-0.993257847565
-0.065184603501
-0.095863526516
-0.434745333390
0.404919013614
-0.804386155717
-0.365616408410
0.496589640599
-0.787225108055
-0.531940554976
0.409676668695
-0.741083175560
-0.465165694794
0.503724202889
-0.727930493805
-0.285957319136
0.577887157437
-0.764378731325
-0.386271972246
0.591684882536
-0.707603676669
-0.486037555948
0.585806837112
-0.648535152325
-0.400987093582
0.670778788149
-0.623911186107
-0.300841940350
0.666153904634
-0.682446409813
-0.178875124411
0.563187839748
-0.806736107427
-0.260285067011
0.485298116814
-0.834707985890
-0.498105258492
0.661150330153
-0.561044911215
-0.197402932853
0.650962141676
-0.732994114714
-0.210138926366
0.730707898003
-0.649544147400
-0.069622581898
0.601001691938
-0.796209559336
-0.311737243440
0.741346717892
-0.594327296128
0.864123137460
0.397825848288
-0.308262546768
0.908343696123
0.290761004314
-0.300615648434
0.866355646438
0.454517910119
-0.206981552960
0.915230792409
0.349407744153
-0.200665953644
0.938075568139
0.178606770246
-0.296839771734
0.951849567496
0.235319710103
-0.196486729566
0.948389127499
0.300717607629
-0.100632913618
0.978538858574
0.181815138646
-0.096979160746
0.973118306814
0.121196828429
-0.195836895713
0.914272040409
0.112414262816
-0.389191045171
0.890400925874
0.225864937168
-0.395185046986
0.969327298400
0.245772866205
-0.000535550681
0.954137353659
0.060728894802
-0.293144864681
0.980863680535
0.005372193751
-0.194621632253
0.905839923092
0.001867290898
-0.423616037181
0.993257847565
0.065184603501
-0.095863526516
0.208950410742
-0.802744861901
-0.558516259872
0.104844779173
-0.787350644913
-0.607524924786
0.203484872092
-0.864194578814
-0.460175658611
0.100187911178
-0.853131947042
-0.511984631986
0.003034505744
-0.756493927683
-0.653993676692
-0.005516683077
-0.827004592639
-0.562168097603
0.000533754210
-0.886524444740
-0.462681449795
-0.106804019584
-0.852593926795
-0.511543250755
-0.104741352623
-0.787350733064
-0.607542650515
0.003014973646
-0.675602102565
-0.737260272186
0.105172078193
-0.711163053981
-0.695115777853
-0.100436407461
-0.906923196358
-0.409148926389
-0.099141516963
-0.711691036479
-0.695461593627
-0.201446534282
-0.736080091755
-0.646223949068
-0.066601241759
-0.602868982835
-0.795055510094
-0.206266339432
-0.806531321393
-0.554040995621
0.595435744975
0.305606877588
-0.743007880158
0.682380328881
0.300818771338
-0.666232056844
0.537598303469
0.406179987827
-0.738922107936
0.627742582626
0.403246160423
-0.665831648438
0.761344225581
0.284081891447
-0.582797090869
0.713120359746
0.389681469893
-0.582758701812
0.648001398114
0.485707677705
-0.586670469566
0.730715205691
0.466995607820
-0.497966254328
0.787187762436
0.365575656299
-0.496678836063
0.803721133781
0.177011768223
-0.568066169582
0.729535907697
0.195285148020
-0.655470113997
0.661481318676
0.560178372011
-0.498640809173
0.832135631677
0.258675760032
-0.490547797534
0.850990681682
0.334639731468
-0.404760558619
0.862810801095
0.110784412998
-0.493238619079
0.800593635560
0.439216851944
-0.407600769956
-0.993261593262
0.059736981743
-0.099312136025
-0.973141333195
0.121118588069
-0.195770869261
-0.992116213587
0.125272470878
-0.003496680868
-0.977150326779
0.187300298604
-0.100478042466
-0.939950995828
0.173696836814
-0.293805265990
-0.948440069849
0.244245890826
-0.202003412643
-0.948719005743
0.299853975175
-0.100099159407
-0.912530344337
0.354627672468
-0.203783180330
-0.908384590865
0.290671897001
-0.300578248336
-0.916135396598
0.107535932982
-0.386176071525
-0.955400844864
0.055692939984
-0.290012968793
-0.907254184881
0.408282387184
-0.100971958142
-0.892864526479
0.221143238945
-0.392286381644
-0.856362875433
0.331319533135
-0.396068166536
-0.864678091993
0.109630363757
-0.490217278939
-0.865778239062
0.398930551437
-0.302129865948
0.059736981743
-0.099312136025
-0.993261593262
0.121118588069
-0.195770869261
-0.973141333195
0.125272470878
-0.003496680868
-0.992116213587
0.187300298604
-0.100478042466
-0.977150326779
0.173696836814
-0.293805265990
-0.939950995828
0.244245890826
-0.202003412643
-0.948440069849
0.299853975175
-0.100099159407
-0.948719005743
0.354627672468
-0.203783180330
-0.912530344337
0.290671897001
-0.300578248336
-0.908384590865
0.107535932982
-0.386176071525
-0.916135396598
0.055692939984
-0.290012968793
-0.955400844864
0.408282387184
-0.100971958142
-0.907254184881
0.221143238945
-0.392286381644
-0.892864526479
0.331319533135
-0.396068166536
-0.856362875433
0.109630363757
-0.490217278939
-0.864678091993
0.398930551437
-0.302129865948
-0.865778239062
0.404919013614
-0.804386155717
-0.434745333390
0.496589640599
-0.787225108055
-0.365616408410
0.409676668695
-0.741083175560
-0.531940554976
0.503724202889
-0.727930493805
-0.465165694794
0.577887157437
-0.764378731325
-0.285957319136
0.591684882536
-0.707603676669
-0.386271972246
0.585806837112
-0.648535152325
-0.486037555948
0.670778788149
-0.623911186107
-0.400987093582
0.666153904634
-0.682446409813
-0.300841940350
0.563187839748
-0.806736107427
-0.178875124411
0.485298116814
-0.834707985890
-0.260285067011
0.661150330153
-0.561044911215
-0.498105258492
0.650962141676
-0.732994114714
-0.197402932853
0.730707898003
-0.649544147400
-0.210138926366
0.601001691938
-0.796209559336
-0.069622581898
0.741346717892
-0.594327296128
-0.311737243440
-0.404919013614
-0.804386155717
0.434745333390
-0.496589640599
-0.787225108055
0.365616408410
-0.409676668695
-0.741083175560
0.531940554976
-0.503724202889
-0.727930493805
0.465165694794
-0.577887157437
-0.764378731325
0.285957319136
-0.591684882536
-0.707603676669
0.386271972246
-0.585806837112
-0.648535152325
0.486037555948
-0.670778788149
-0.623911186107
0.400987093582
-0.666153904634
-0.682446409813
0.300841940350
-0.563187839748
-0.806736107427
0.178875124411
-0.485298116814
-0.834707985890
0.260285067011
-0.661150330153
-0.561044911215
0.498105258492
-0.650962141676
-0.732994114714
0.197402932853
-0.730707898003
-0.649544147400
0.210138926366
-0.601001691938
-0.796209559336
0.069622581898
-0.741346717892
-0.594327296128
0.311737243440
-0.099312136025
-0.993261593262
0.059736981743
-0.195770869261
-0.973141333195
0.121118588069
-0.003496680868
-0.992116213587
0.125272470878
-0.100478042466
-0.977150326779
0.187300298604
-0.293805265990
-0.939950995828
0.173696836814
-0.202003412643
-0.948440069849
0.244245890826
-0.100099159407
-0.948719005743
0.299853975175
-0.203783180330
-0.912530344337
0.354627672468
-0.300578248336
-0.908384590865
0.290671897001
-0.386176071525
-0.916135396598
0.107535932982
-0.290012968793
-0.955400844864
0.055692939984
-0.100971958142
-0.907254184881
0.408282387184
-0.392286381644
-0.892864526479
0.221143238945
-0.396068166536
-0.856362875433
0.331319533135
-0.490217278939
-0.864678091993
0.109630363757
-0.302129865948
-0.865778239062
0.398930551437
0.099312136025
0.993261593262
0.059736981743
0.195770869261
0.973141333195
0.121118588069
0.003496680868
0.992116213587
0.125272470878
0.100478042466
0.977150326779
0.187300298604
0.293805265990
0.939950995828
0.173696836814
0.202003412643
0.948440069849
0.244245890826
0.100099159407
0.948719005743
0.299853975175
0.203783180330
0.912530344337
0.354627672468
0.300578248336
0.908384590865
0.290671897001
0.386176071525
0.916135396598
0.107535932982
0.290012968793
0.955400844864
0.055692939984
0.100971958142
0.907254184881
0.408282387184
0.392286381644
0.892864526479
0.221143238945
0.396068166536
0.856362875433
0.331319533135
0.490217278939
0.864678091993
0.109630363757
0.302129865948
0.865778239062
0.398930551437
-0.397825848288
-0.308262546768
-0.864123137460
-0.290761004314
-0.300615648434
-0.908343696123
-0.454517910119
-0.206981552960
-0.866355646438
-0.349407744153
-0.200665953644
-0.915230792409
-0.178606770246
-0.296839771734
-0.938075568139
-0.235319710103
-0.196486729566
-0.951849567496
-0.300717607629
-0.100632913618
-0.948389127499
-0.181815138646
-0.096979160746
-0.978538858574
-0.121196828429
-0.195836895713
-0.973118306814
-0.112414262816
-0.389191045171
-0.914272040409
-0.225864937168
-0.395185046986
-0.890400925874
-0.245772866205
-0.000535550681
-0.969327298400
-0.060728894802
-0.293144864681
-0.954137353659
-0.005372193751
-0.194621632253
-0.980863680535
-0.001867290898
-0.423616037181
-0.905839923092
-0.065184603501
-0.095863526516
-0.993257847565
0.802744861901
-0.558516259872
-0.208950410742
0.787350644913
-0.607524924786
-0.104844779173
0.864194578814
-0.460175658611
-0.203484872092
0.853131947042
-0.511984631986
-0.100187911178
0.756493927683
-0.653993676692
-0.003034505744
0.827004592639
-0.562168097603
0.005516683077
0.886524444740
-0.462681449795
-0.000533754210
0.852593926795
-0.511543250755
0.106804019584
0.787350733064
-0.607542650515
0.104741352623
0.675602102565
-0.737260272186
-0.003014973646
0.711163053981
-0.695115777853
-0.105172078193
0.906923196358
-0.409148926389
0.100436407461
0.711691036479
-0.695461593627
0.099141516963
0.736080091755
-0.646223949068
0.201446534282
0.602868982835
-0.795055510094
0.066601241759
0.806531321393
-0.554040995621
0.206266339432
