0.594762277789
0.704046774992
0.388041198254
0.418270284847
0.738396999898
0.528979999013
0.732012059540
0.646583469848
0.214681534390
0.559273672355
0.807507658410
0.187468240031
0.577350269190
0.577350269190
0.577350269190
0.356822089773
0.000000000000
-0.934172358963
-0.577350269190
0.577350269190
-0.577350269190
-0.356822089773
0.000000000000
0.934172358963
0.934172358963
0.356822089773
-0.000000000000
0.000000000000
0.934172358963
-0.356822089773
-0.577350269190
0.577350269190
0.577350269190
0.577350269190
-0.577350269190
0.577350269190
-0.934172358963
-0.356822089773
-0.000000000000
0.577350269190
0.577350269190
-0.577350269190
-0.000000000000
0.934172358963
0.356822089773
-0.577350269190
-0.577350269190
0.577350269190
0.934172358963
-0.356822089773
0.000000000000
0.356822089773
-0.000000000000
0.934172358963
-0.356822089773
-0.000000000000
-0.934172358963
-0.000000000000
-0.934172358963
-0.356822089773
0.577350269190
-0.577350269190
-0.577350269190
0.000000000000
-0.934172358963
0.356822089773
-0.934172358963
0.356822089773
0.000000000000
-0.577350269190
-0.577350269190
-0.577350269190
0.234113203318
0.191773555227
-0.953107502619
0.446995888027
0.203633095746
-0.871050078012
0.007480260395
0.189552081709
-0.981842173684
0.121561745449
0.386728229462
-0.914146606722
-0.594762277789
0.704046774992
-0.388041198254
-0.418270284847
0.738396999898
-0.528979999013
-0.732012059540
0.646583469848
-0.214681534390
-0.559273672355
0.807507658410
-0.187468240031
-0.234113203318
0.191773555227
0.953107502619
-0.446995888027
0.203633095746
0.871050078012
-0.007480260395
0.189552081709
0.981842173684
-0.121561745449
0.386728229462
0.914146606722
0.828875481107
0.559356858127
-0.009238078071
0.865266172874
0.462138348266
0.194274540645
0.739492319935
0.641960414679
-0.202578218826
0.680835417805
0.732378367990
0.009222795838
-0.201011633297
0.947398056380
-0.249060727627
-0.009358555101
0.991118347279
-0.132653078114
-0.392130300535
0.856641949069
-0.335258703836
-0.377505433624
0.919846608021
-0.106638948312
-0.393750644492
0.579814753480
0.713284853063
-0.408911729746
0.732613094760
0.544122459253
-0.339881759005
0.404233616099
0.849161688674
-0.181768238732
0.574196469492
0.798284862572
0.713284853063
-0.393750644492
0.579814753480
0.544122459253
-0.408911729746
0.732613094760
0.849161688674
-0.339881759005
0.404233616099
0.798284862572
-0.181768238732
0.574196469492
-0.947398056380
-0.249060727627
0.201011633297
-0.991118347279
-0.132653078114
0.009358555101
-0.856641949069
-0.335258703836
0.392130300535
-0.919846608021
-0.106638948312
0.377505433624
0.579814753480
0.713284853063
-0.393750644492
0.732613094760
0.544122459253
-0.408911729746
0.404233616099
0.849161688674
-0.339881759005
0.574196469492
0.798284862572
-0.181768238732
-0.009238078071
0.828875481107
0.559356858127
0.194274540645
0.865266172874
0.462138348266
-0.202578218826
0.739492319935
0.641960414679
0.009222795838
0.680835417805
0.732378367990
-0.388041198254
-0.594762277789
0.704046774992
-0.528979999013
-0.418270284847
0.738396999898
-0.214681534390
-0.732012059540
0.646583469848
-0.187468240031
-0.559273672355
0.807507658410
0.953107502619
-0.234113203318
0.191773555227
0.871050078012
-0.446995888027
0.203633095746
0.981842173684
-0.007480260395
0.189552081709
0.914146606722
-0.121561745449
0.386728229462
0.388041198254
0.594762277789
0.704046774992
0.528979999013
0.418270284847
0.738396999898
0.214681534390
0.732012059540
0.646583469848
0.187468240031
0.559273672355
0.807507658410
-0.249060727627
-0.201011633297
0.947398056380
-0.132653078114
-0.009358555101
0.991118347279
-0.335258703836
-0.392130300535
0.856641949069
-0.106638948312
-0.377505433624
0.919846608021
0.249060727627
0.201011633297
0.947398056380
0.132653078114
0.009358555101
0.991118347279
0.335258703836
0.392130300535
0.856641949069
0.106638948312
0.377505433624
0.919846608021
-0.191773555227
0.953107502619
0.234113203318
-0.203633095746
0.871050078012
0.446995888027
-0.189552081709
0.981842173684
0.007480260395
-0.386728229462
0.914146606722
0.121561745449
-0.559356858127
-0.009238078071
-0.828875481107
-0.462138348266
0.194274540645
-0.865266172874
-0.641960414679
-0.202578218826
-0.739492319935
-0.732378367990
0.009222795838
-0.680835417805
-0.704046774992
-0.388041198254
0.594762277789
-0.738396999898
-0.528979999013
0.418270284847
-0.646583469848
-0.214681534390
0.732012059540
-0.807507658410
-0.187468240031
0.559273672355
-0.579814753480
0.713284853063
0.393750644492
-0.732613094760
0.544122459253
0.408911729746
-0.404233616099
0.849161688674
0.339881759005
-0.574196469492
0.798284862572
0.181768238732
-0.704046774992
0.388041198254
-0.594762277789
-0.738396999898
0.528979999013
-0.418270284847
-0.646583469848
0.214681534390
-0.732012059540
-0.807507658410
0.187468240031
-0.559273672355
-0.191773555227
-0.953107502619
-0.234113203318
-0.203633095746
-0.871050078012
-0.446995888027
-0.189552081709
-0.981842173684
-0.007480260395
-0.386728229462
-0.914146606722
-0.121561745449
0.559356858127
-0.009238078071
0.828875481107
0.462138348266
0.194274540645
0.865266172874
0.641960414679
-0.202578218826
0.739492319935
0.732378367990
0.009222795838
0.680835417805
0.704046774992
-0.388041198254
-0.594762277789
0.738396999898
-0.528979999013
-0.418270284847
0.646583469848
-0.214681534390
-0.732012059540
0.807507658410
-0.187468240031
-0.559273672355
0.191773555227
0.953107502619
-0.234113203318
0.203633095746
0.871050078012
-0.446995888027
0.189552081709
0.981842173684
-0.007480260395
0.386728229462
0.914146606722
-0.121561745449
0.704046774992
0.388041198254
0.594762277789
0.738396999898
0.528979999013
0.418270284847
0.646583469848
0.214681534390
0.732012059540
0.807507658410
0.187468240031
0.559273672355
0.947398056380
-0.249060727627
-0.201011633297
0.991118347279
-0.132653078114
-0.009358555101
0.856641949069
-0.335258703836
-0.392130300535
0.919846608021
-0.106638948312
-0.377505433624
-0.249060727627
0.201011633297
-0.947398056380
-0.132653078114
0.009358555101
-0.991118347279
-0.335258703836
0.392130300535
-0.856641949069
-0.106638948312
0.377505433624
-0.919846608021
0.191773555227
-0.953107502619
0.234113203318
0.203633095746
-0.871050078012
0.446995888027
0.189552081709
-0.981842173684
0.007480260395
0.386728229462
-0.914146606722
0.121561745449
-0.953107502619
0.234113203318
0.191773555227
-0.871050078012
0.446995888027
0.203633095746
-0.981842173684
0.007480260395
0.189552081709
-0.914146606722
0.121561745449
0.386728229462
0.009238078071
-0.828875481107
0.559356858127
-0.194274540645
-0.865266172874
0.462138348266
0.202578218826
-0.739492319935
0.641960414679
-0.009222795838
-0.680835417805
0.732378367990
-0.713284853063
0.393750644492
0.579814753480
-0.544122459253
0.408911729746
0.732613094760
-0.849161688674
0.339881759005
0.404233616099
-0.798284862572
0.181768238732
0.574196469492
-0.579814753480
-0.713284853063
-0.393750644492
-0.732613094760
-0.544122459253
-0.408911729746
-0.404233616099
-0.849161688674
-0.339881759005
-0.574196469492
-0.798284862572
-0.181768238732
0.393750644492
-0.579814753480
0.713284853063
0.408911729746
-0.732613094760
0.544122459253
0.339881759005
-0.404233616099
0.849161688674
0.181768238732
-0.574196469492
0.798284862572
-0.559356858127
0.009238078071
0.828875481107
-0.462138348266
-0.194274540645
0.865266172874
-0.641960414679
0.202578218826
0.739492319935
-0.732378367990
-0.009222795838
0.680835417805
0.201011633297
-0.947398056380
-0.249060727627
0.009358555101
-0.991118347279
-0.132653078114
0.392130300535
-0.856641949069
-0.335258703836
0.377505433624
-0.919846608021
-0.106638948312
0.947398056380
0.249060727627
0.201011633297
0.991118347279
0.132653078114
0.009358555101
0.856641949069
0.335258703836
0.392130300535
0.919846608021
0.106638948312
0.377505433624
0.234113203318
-0.191773555227
0.953107502619
0.446995888027
-0.203633095746
0.871050078012
0.007480260395
-0.189552081709
0.981842173684
0.121561745449
-0.386728229462
0.914146606722
0.559356858127
0.009238078071
-0.828875481107
0.462138348266
-0.194274540645
-0.865266172874
0.641960414679
0.202578218826
-0.739492319935
0.732378367990
-0.009222795838
-0.680835417805
-0.828875481107
-0.559356858127
-0.009238078071
-0.865266172874
-0.462138348266
0.194274540645
-0.739492319935
-0.641960414679
-0.202578218826
-0.680835417805
-0.732378367990
0.009222795838
0.579814753480
-0.713284853063
0.393750644492
0.732613094760
-0.544122459253
0.408911729746
0.404233616099
-0.849161688674
0.339881759005
0.574196469492
-0.798284862572
0.181768238732
-0.393750644492
-0.579814753480
-0.713284853063
-0.408911729746
-0.732613094760
-0.544122459253
-0.339881759005
-0.404233616099
-0.849161688674
-0.181768238732
-0.574196469492
-0.798284862572
0.393750644492
0.579814753480
-0.713284853063
0.408911729746
0.732613094760
-0.544122459253
0.339881759005
0.404233616099
-0.849161688674
0.181768238732
0.574196469492
-0.798284862572
-0.713284853063
-0.393750644492
-0.579814753480
-0.544122459253
-0.408911729746
-0.732613094760
-0.849161688674
-0.339881759005
-0.404233616099
-0.798284862572
-0.181768238732
-0.574196469492
-0.828875481107
0.559356858127
0.009238078071
-0.865266172874
0.462138348266
-0.194274540645
-0.739492319935
0.641960414679
0.202578218826
-0.680835417805
0.732378367990
-0.009222795838
0.009238078071
0.828875481107
-0.559356858127
-0.194274540645
0.865266172874
-0.462138348266
0.202578218826
0.739492319935
-0.641960414679
-0.009222795838
0.680835417805
-0.732378367990
0.388041198254
-0.594762277789
-0.704046774992
0.528979999013
-0.418270284847
-0.738396999898
0.214681534390
-0.732012059540
-0.646583469848
0.187468240031
-0.559273672355
-0.807507658410
-0.953107502619
-0.234113203318
-0.191773555227
-0.871050078012
-0.446995888027
-0.203633095746
-0.981842173684
-0.007480260395
-0.189552081709
-0.914146606722
-0.121561745449
-0.386728229462
-0.388041198254
0.594762277789
-0.704046774992
-0.528979999013
0.418270284847
-0.738396999898
-0.214681534390
0.732012059540
-0.646583469848
-0.187468240031
0.559273672355
-0.807507658410
0.953107502619
0.234113203318
-0.191773555227
0.871050078012
0.446995888027
-0.203633095746
0.981842173684
0.007480260395
-0.189552081709
0.914146606722
0.121561745449
-0.386728229462
-0.009238078071
-0.828875481107
-0.559356858127
0.194274540645
-0.865266172874
-0.462138348266
-0.202578218826
-0.739492319935
-0.641960414679
0.009222795838
-0.680835417805
-0.732378367990
0.713284853063
0.393750644492
-0.579814753480
0.544122459253
0.408911729746
-0.732613094760
0.849161688674
0.339881759005
-0.404233616099
0.798284862572
0.181768238732
-0.574196469492
-0.947398056380
0.249060727627
-0.201011633297
-0.991118347279
0.132653078114
-0.009358555101
-0.856641949069
0.335258703836
-0.392130300535
-0.919846608021
0.106638948312
-0.377505433624
0.249060727627
-0.201011633297
-0.947398056380
0.132653078114
-0.009358555101
-0.991118347279
0.335258703836
-0.392130300535
-0.856641949069
0.106638948312
-0.377505433624
-0.919846608021
0.594762277789
-0.704046774992
-0.388041198254
0.418270284847
-0.738396999898
-0.528979999013
0.732012059540
-0.646583469848
-0.214681534390
0.559273672355
-0.807507658410
-0.187468240031
-0.594762277789
-0.704046774992
0.388041198254
-0.418270284847
-0.738396999898
0.528979999013
-0.732012059540
-0.646583469848
0.214681534390
-0.559273672355
-0.807507658410
0.187468240031
-0.201011633297
-0.947398056380
0.249060727627
-0.009358555101
-0.991118347279
0.132653078114
-0.392130300535
-0.856641949069
0.335258703836
-0.377505433624
-0.919846608021
0.106638948312
0.201011633297
0.947398056380
0.249060727627
0.009358555101
0.991118347279
0.132653078114
0.392130300535
0.856641949069
0.335258703836
0.377505433624
0.919846608021
0.106638948312
-0.234113203318
-0.191773555227
-0.953107502619
-0.446995888027
-0.203633095746
-0.871050078012
-0.007480260395
-0.189552081709
-0.981842173684
-0.121561745449
-0.386728229462
-0.914146606722
0.828875481107
-0.559356858127
0.009238078071
0.865266172874
-0.462138348266
-0.194274540645
0.739492319935
-0.641960414679
0.202578218826
0.680835417805
-0.732378367990
-0.009222795838
