0.756020729896
0.549256736368
0.356019231956
0.680439367425
0.675094834174
0.285042509340
0.555181853663
0.751728392591
0.355917874146
0.636246869502
0.635791303161
0.436988947084
0.503017701743
0.703141195075
0.502559102516
0.466265290442
0.846389588311
0.257335080639
0.577950615949
0.802750836591
0.146847471467
0.412481634528
0.814527680999
0.407925922275
0.525731112119
0.850650808352
0.000000000000
0.000000000000
0.525731112119
-0.850650808352
-0.525731112119
0.850650808352
0.000000000000
0.000000000000
0.525731112119
0.850650808352
0.850650808352
-0.000000000000
0.525731112119
-0.850650808352
-0.000000000000
0.525731112119
-0.000000000000
-0.525731112119
0.850650808352
-0.850650808352
-0.000000000000
-0.525731112119
-0.525731112119
-0.850650808352
0.000000000000
0.850650808352
-0.000000000000
-0.525731112119
0.525731112119
-0.850650808352
0.000000000000
0.000000000000
-0.525731112119
-0.850650808352
0.577350269190
0.577350269190
0.577350269190
0.356822089773
0.000000000000
-0.934172358963
-0.577350269190
0.577350269190
-0.577350269190
-0.356822089773
0.000000000000
0.934172358963
0.934172358963
0.356822089773
-0.000000000000
0.000000000000
0.934172358963
-0.356822089773
-0.577350269190
0.577350269190
0.577350269190
0.577350269190
-0.577350269190
0.577350269190
-0.934172358963
-0.356822089773
-0.000000000000
0.577350269190
0.577350269190
-0.577350269190
-0.000000000000
0.934172358963
0.356822089773
-0.577350269190
-0.577350269190
0.577350269190
0.934172358963
-0.356822089773
0.000000000000
0.356822089773
-0.000000000000
0.934172358963
-0.356822089773
-0.000000000000
-0.934172358963
-0.000000000000
-0.934172358963
-0.356822089773
0.577350269190
-0.577350269190
-0.577350269190
0.000000000000
-0.934172358963
0.356822089773
-0.934172358963
0.356822089773
0.000000000000
-0.577350269190
-0.577350269190
-0.577350269190
0.079744909842
0.032725164381
-0.996277979768
0.099000327037
0.193374610815
-0.976117408480
0.242649530419
0.258641479937
-0.935000422590
0.231878367347
0.099260400297
-0.967667192629
0.372352582465
0.162132606693
-0.913819770074
0.236604574915
0.411992121852
-0.879932251177
0.077890442779
0.397418771080
-0.914325652772
0.375481082120
0.327539940242
-0.867024535129
-0.756020729896
0.549256736368
-0.356019231956
-0.680439367425
0.675094834174
-0.285042509340
-0.555181853663
0.751728392591
-0.355917874146
-0.636246869502
0.635791303161
-0.436988947084
-0.503017701743
0.703141195075
-0.502559102516
-0.466265290442
0.846389588311
-0.257335080639
-0.577950615949
0.802750836591
-0.146847471467
-0.412481634528
0.814527680999
-0.407925922275
-0.079744909842
0.032725164381
0.996277979768
-0.099000327037
0.193374610815
0.976117408480
-0.242649530419
0.258641479937
0.935000422590
-0.231878367347
0.099260400297
0.967667192629
-0.372352582465
0.162132606693
0.913819770074
-0.236604574915
0.411992121852
0.879932251177
-0.077890442779
0.397418771080
0.914325652772
-0.375481082120
0.327539940242
0.867024535129
0.835765639737
0.499971671656
-0.226989257403
0.779439694462
0.613909267167
-0.124856615296
0.797831384082
0.601762735438
0.036697313426
0.868125236849
0.492482590885
-0.061801867461
0.875370284208
0.473014643313
0.099920031711
0.702869865357
0.700159919120
0.125499163467
0.655841058728
0.754611895555
-0.020818087652
0.787962716648
0.582467610116
0.199615230728
-0.259714421783
0.855990903612
-0.447021243400
-0.318231226111
0.898951776507
-0.301022574307
-0.221944166511
0.957680609583
-0.183272029999
-0.161062267759
0.929471537969
-0.331875889467
-0.062212574982
0.975573745829
-0.210678574999
-0.286492958385
0.957494999759
-0.033542662865
-0.418236858732
0.901459367022
-0.111574816181
-0.127924709514
0.990393532391
-0.052496854130
-0.496306308112
0.388744396337
0.776245993770
-0.362208141313
0.478417120155
0.799951449470
-0.333237687152
0.614559354082
0.715031079164
-0.475184601743
0.536249347381
0.697593170623
-0.440805126761
0.664691709208
0.603221163364
-0.179772332057
0.669327202492
0.720890424844
-0.159713757217
0.544266242547
0.823568924243
-0.284556925013
0.735465862518
0.614912450271
0.776245993770
-0.496306308112
0.388744396337
0.799951449470
-0.362208141313
0.478417120155
0.715031079164
-0.333237687152
0.614559354082
0.697593170623
-0.475184601743
0.536249347381
0.603221163364
-0.440805126761
0.664691709208
0.720890424844
-0.179772332057
0.669327202492
0.823568924243
-0.159713757217
0.544266242547
0.614912450271
-0.284556925013
0.735465862518
-0.855990903612
-0.447021243400
0.259714421783
-0.898951776507
-0.301022574307
0.318231226111
-0.957680609583
-0.183272029999
0.221944166511
-0.929471537969
-0.331875889467
0.161062267759
-0.975573745829
-0.210678574999
0.062212574982
-0.957494999759
-0.033542662865
0.286492958385
-0.901459367022
-0.111574816181
0.418236858732
-0.990393532391
-0.052496854130
0.127924709514
0.388744396337
0.776245993770
-0.496306308112
0.478417120155
0.799951449470
-0.362208141313
0.614559354082
0.715031079164
-0.333237687152
0.536249347381
0.697593170623
-0.475184601743
0.664691709208
0.603221163364
-0.440805126761
0.669327202492
0.720890424844
-0.179772332057
0.544266242547
0.823568924243
-0.159713757217
0.735465862518
0.614912450271
-0.284556925013
-0.226989257403
0.835765639737
0.499971671656
-0.124856615296
0.779439694462
0.613909267167
0.036697313426
0.797831384082
0.601762735438
-0.061801867461
0.868125236849
0.492482590885
0.099920031711
0.875370284208
0.473014643313
0.125499163467
0.702869865357
0.700159919120
-0.020818087652
0.655841058728
0.754611895555
0.199615230728
0.787962716648
0.582467610116
-0.356019231956
-0.756020729896
0.549256736368
-0.285042509340
-0.680439367425
0.675094834174
-0.355917874146
-0.555181853663
0.751728392591
-0.436988947084
-0.636246869502
0.635791303161
-0.502559102516
-0.503017701743
0.703141195075
-0.257335080639
-0.466265290442
0.846389588311
-0.146847471467
-0.577950615949
0.802750836591
-0.407925922275
-0.412481634528
0.814527680999
0.996277979768
-0.079744909842
0.032725164381
0.976117408480
-0.099000327037
0.193374610815
0.935000422590
-0.242649530419
0.258641479937
0.967667192629
-0.231878367347
0.099260400297
0.913819770074
-0.372352582465
0.162132606693
0.879932251177
-0.236604574915
0.411992121852
0.914325652772
-0.077890442779
0.397418771080
0.867024535129
-0.375481082120
0.327539940242
0.356019231956
0.756020729896
0.549256736368
0.285042509340
0.680439367425
0.675094834174
0.355917874146
0.555181853663
0.751728392591
0.436988947084
0.636246869502
0.635791303161
0.502559102516
0.503017701743
0.703141195075
0.257335080639
0.466265290442
0.846389588311
0.146847471467
0.577950615949
0.802750836591
0.407925922275
0.412481634528
0.814527680999
-0.447021243400
-0.259714421783
0.855990903612
-0.301022574307
-0.318231226111
0.898951776507
-0.183272029999
-0.221944166511
0.957680609583
-0.331875889467
-0.161062267759
0.929471537969
-0.210678574999
-0.062212574982
0.975573745829
-0.033542662865
-0.286492958385
0.957494999759
-0.111574816181
-0.418236858732
0.901459367022
-0.052496854130
-0.127924709514
0.990393532391
0.447021243400
0.259714421783
0.855990903612
0.301022574307
0.318231226111
0.898951776507
0.183272029999
0.221944166511
0.957680609583
0.331875889467
0.161062267759
0.929471537969
0.210678574999
0.062212574982
0.975573745829
0.033542662865
0.286492958385
0.957494999759
0.111574816181
0.418236858732
0.901459367022
0.052496854130
0.127924709514
0.990393532391
-0.032725164381
0.996277979768
0.079744909842
-0.193374610815
0.976117408480
0.099000327037
-0.258641479937
0.935000422590
0.242649530419
-0.099260400297
0.967667192629
0.231878367347
-0.162132606693
0.913819770074
0.372352582465
-0.411992121852
0.879932251177
0.236604574915
-0.397418771080
0.914325652772
0.077890442779
-0.327539940242
0.867024535129
0.375481082120
-0.499971671656
-0.226989257403
-0.835765639737
-0.613909267167
-0.124856615296
-0.779439694462
-0.601762735438
0.036697313426
-0.797831384082
-0.492482590885
-0.061801867461
-0.868125236849
-0.473014643313
0.099920031711
-0.875370284208
-0.700159919120
0.125499163467
-0.702869865357
-0.754611895555
-0.020818087652
-0.655841058728
-0.582467610116
0.199615230728
-0.787962716648
-0.549256736368
-0.356019231956
0.756020729896
-0.675094834174
-0.285042509340
0.680439367425
-0.751728392591
-0.355917874146
0.555181853663
-0.635791303161
-0.436988947084
0.636246869502
-0.703141195075
-0.502559102516
0.503017701743
-0.846389588311
-0.257335080639
0.466265290442
-0.802750836591
-0.146847471467
0.577950615949
-0.814527680999
-0.407925922275
0.412481634528
-0.388744396337
0.776245993770
0.496306308112
-0.478417120155
0.799951449470
0.362208141313
-0.614559354082
0.715031079164
0.333237687152
-0.536249347381
0.697593170623
0.475184601743
-0.664691709208
0.603221163364
0.440805126761
-0.669327202492
0.720890424844
0.179772332057
-0.544266242547
0.823568924243
0.159713757217
-0.735465862518
0.614912450271
0.284556925013
-0.549256736368
0.356019231956
-0.756020729896
-0.675094834174
0.285042509340
-0.680439367425
-0.751728392591
0.355917874146
-0.555181853663
-0.635791303161
0.436988947084
-0.636246869502
-0.703141195075
0.502559102516
-0.503017701743
-0.846389588311
0.257335080639
-0.466265290442
-0.802750836591
0.146847471467
-0.577950615949
-0.814527680999
0.407925922275
-0.412481634528
-0.032725164381
-0.996277979768
-0.079744909842
-0.193374610815
-0.976117408480
-0.099000327037
-0.258641479937
-0.935000422590
-0.242649530419
-0.099260400297
-0.967667192629
-0.231878367347
-0.162132606693
-0.913819770074
-0.372352582465
-0.411992121852
-0.879932251177
-0.236604574915
-0.397418771080
-0.914325652772
-0.077890442779
-0.327539940242
-0.867024535129
-0.375481082120
0.499971671656
-0.226989257403
0.835765639737
0.613909267167
-0.124856615296
0.779439694462
0.601762735438
0.036697313426
0.797831384082
0.492482590885
-0.061801867461
0.868125236849
0.473014643313
0.099920031711
0.875370284208
0.700159919120
0.125499163467
0.702869865357
0.754611895555
-0.020818087652
0.655841058728
0.582467610116
0.199615230728
0.787962716648
0.549256736368
-0.356019231956
-0.756020729896
0.675094834174
-0.285042509340
-0.680439367425
0.751728392591
-0.355917874146
-0.555181853663
0.635791303161
-0.436988947084
-0.636246869502
0.703141195075
-0.502559102516
-0.503017701743
0.846389588311
-0.257335080639
-0.466265290442
0.802750836591
-0.146847471467
-0.577950615949
0.814527680999
-0.407925922275
-0.412481634528
0.032725164381
0.996277979768
-0.079744909842
0.193374610815
0.976117408480
-0.099000327037
0.258641479937
0.935000422590
-0.242649530419
0.099260400297
0.967667192629
-0.231878367347
0.162132606693
0.913819770074
-0.372352582465
0.411992121852
0.879932251177
-0.236604574915
0.397418771080
0.914325652772
-0.077890442779
0.327539940242
0.867024535129
-0.375481082120
0.549256736368
0.356019231956
0.756020729896
0.675094834174
0.285042509340
0.680439367425
0.751728392591
0.355917874146
0.555181853663
0.635791303161
0.436988947084
0.636246869502
0.703141195075
0.502559102516
0.503017701743
0.846389588311
0.257335080639
0.466265290442
0.802750836591
0.146847471467
0.577950615949
0.814527680999
0.407925922275
0.412481634528
0.855990903612
-0.447021243400
-0.259714421783
0.898951776507
-0.301022574307
-0.318231226111
0.957680609583
-0.183272029999
-0.221944166511
0.929471537969
-0.331875889467
-0.161062267759
0.975573745829
-0.210678574999
-0.062212574982
0.957494999759
-0.033542662865
-0.286492958385
0.901459367022
-0.111574816181
-0.418236858732
0.990393532391
-0.052496854130
-0.127924709514
-0.447021243400
0.259714421783
-0.855990903612
-0.301022574307
0.318231226111
-0.898951776507
-0.183272029999
0.221944166511
-0.957680609583
-0.331875889467
0.161062267759
-0.929471537969
-0.210678574999
0.062212574982
-0.975573745829
-0.033542662865
0.286492958385
-0.957494999759
-0.111574816181
0.418236858732
-0.901459367022
-0.052496854130
0.127924709514
-0.990393532391
0.032725164381
-0.996277979768
0.079744909842
0.193374610815
-0.976117408480
0.099000327037
0.258641479937
-0.935000422590
0.242649530419
0.099260400297
-0.967667192629
0.231878367347
0.162132606693
-0.913819770074
0.372352582465
0.411992121852
-0.879932251177
0.236604574915
0.397418771080
-0.914325652772
0.077890442779
0.327539940242
-0.867024535129
0.375481082120
-0.996277979768
0.079744909842
0.032725164381
-0.976117408480
0.099000327037
0.193374610815
-0.935000422590
0.242649530419
0.258641479937
-0.967667192629
0.231878367347
0.099260400297
-0.913819770074
0.372352582465
0.162132606693
-0.879932251177
0.236604574915
0.411992121852
-0.914325652772
0.077890442779
0.397418771080
-0.867024535129
0.375481082120
0.327539940242
0.226989257403
-0.835765639737
0.499971671656
0.124856615296
-0.779439694462
0.613909267167
-0.036697313426
-0.797831384082
0.601762735438
0.061801867461
-0.868125236849
0.492482590885
-0.099920031711
-0.875370284208
0.473014643313
-0.125499163467
-0.702869865357
0.700159919120
0.020818087652
-0.655841058728
0.754611895555
-0.199615230728
-0.787962716648
0.582467610116
-0.776245993770
0.496306308112
0.388744396337
-0.799951449470
0.362208141313
0.478417120155
-0.715031079164
0.333237687152
0.614559354082
-0.697593170623
0.475184601743
0.536249347381
-0.603221163364
0.440805126761
0.664691709208
-0.720890424844
0.179772332057
0.669327202492
-0.823568924243
0.159713757217
0.544266242547
-0.614912450271
0.284556925013
0.735465862518
-0.388744396337
-0.776245993770
-0.496306308112
-0.478417120155
-0.799951449470
-0.362208141313
-0.614559354082
-0.715031079164
-0.333237687152
-0.536249347381
-0.697593170623
-0.475184601743
-0.664691709208
-0.603221163364
-0.440805126761
-0.669327202492
-0.720890424844
-0.179772332057
-0.544266242547
-0.823568924243
-0.159713757217
-0.735465862518
-0.614912450271
-0.284556925013
0.496306308112
-0.388744396337
0.776245993770
0.362208141313
-0.478417120155
0.799951449470
0.333237687152
-0.614559354082
0.715031079164
0.475184601743
-0.536249347381
0.697593170623
0.440805126761
-0.664691709208
0.603221163364
0.179772332057
-0.669327202492
0.720890424844
0.159713757217
-0.544266242547
0.823568924243
0.284556925013
-0.735465862518
0.614912450271
-0.499971671656
0.226989257403
0.835765639737
-0.613909267167
0.124856615296
0.779439694462
-0.601762735438
-0.036697313426
0.797831384082
-0.492482590885
0.061801867461
0.868125236849
-0.473014643313
-0.099920031711
0.875370284208
-0.700159919120
-0.125499163467
0.702869865357
-0.754611895555
0.020818087652
0.655841058728
-0.582467610116
-0.199615230728
0.787962716648
0.259714421783
-0.855990903612
-0.447021243400
0.318231226111
-0.898951776507
-0.301022574307
0.221944166511
-0.957680609583
-0.183272029999
0.161062267759
-0.929471537969
-0.331875889467
0.062212574982
-0.975573745829
-0.210678574999
0.286492958385
-0.957494999759
-0.033542662865
0.418236858732
-0.901459367022
-0.111574816181
0.127924709514
-0.990393532391
-0.052496854130
0.855990903612
0.447021243400
0.259714421783
0.898951776507
0.301022574307
0.318231226111
0.957680609583
0.183272029999
0.221944166511
0.929471537969
0.331875889467
0.161062267759
0.975573745829
0.210678574999
0.062212574982
0.957494999759
0.033542662865
0.286492958385
0.901459367022
0.111574816181
0.418236858732
0.990393532391
0.052496854130
0.127924709514
0.079744909842
-0.032725164381
0.996277979768
0.099000327037
-0.193374610815
0.976117408480
0.242649530419
-0.258641479937
0.935000422590
0.231878367347
-0.099260400297
0.967667192629
0.372352582465
-0.162132606693
0.913819770074
0.236604574915
-0.411992121852
0.879932251177
0.077890442779
-0.397418771080
0.914325652772
0.375481082120
-0.327539940242
0.867024535129
0.499971671656
0.226989257403
-0.835765639737
0.613909267167
0.124856615296
-0.779439694462
0.601762735438
-0.036697313426
-0.797831384082
0.492482590885
0.061801867461
-0.868125236849
0.473014643313
-0.099920031711
-0.875370284208
0.700159919120
-0.125499163467
-0.702869865357
0.754611895555
0.020818087652
-0.655841058728
0.582467610116
-0.199615230728
-0.787962716648
-0.835765639737
-0.499971671656
-0.226989257403
-0.779439694462
-0.613909267167
-0.124856615296
-0.797831384082
-0.601762735438
0.036697313426
-0.868125236849
-0.492482590885
-0.061801867461
-0.875370284208
-0.473014643313
0.099920031711
-0.702869865357
-0.700159919120
0.125499163467
-0.655841058728
-0.754611895555
-0.020818087652
-0.787962716648
-0.582467610116
0.199615230728
0.388744396337
-0.776245993770
0.496306308112
0.478417120155
-0.799951449470
0.362208141313
0.614559354082
-0.715031079164
0.333237687152
0.536249347381
-0.697593170623
0.475184601743
0.664691709208
-0.603221163364
0.440805126761
0.669327202492
-0.720890424844
0.179772332057
0.544266242547
-0.823568924243
0.159713757217
0.735465862518
-0.614912450271
0.284556925013
-0.496306308112
-0.388744396337
-0.776245993770
-0.362208141313
-0.478417120155
-0.799951449470
-0.333237687152
-0.614559354082
-0.715031079164
-0.475184601743
-0.536249347381
-0.697593170623
-0.440805126761
-0.664691709208
-0.603221163364
-0.179772332057
-0.669327202492
-0.720890424844
-0.159713757217
-0.544266242547
-0.823568924243
-0.284556925013
-0.735465862518
-0.614912450271
0.496306308112
0.388744396337
-0.776245993770
0.362208141313
0.478417120155
-0.799951449470
0.333237687152
0.614559354082
-0.715031079164
0.475184601743
0.536249347381
-0.697593170623
0.440805126761
0.664691709208
-0.603221163364
0.179772332057
0.669327202492
-0.720890424844
0.159713757217
0.544266242547
-0.823568924243
0.284556925013
0.735465862518
-0.614912450271
-0.776245993770
-0.496306308112
-0.388744396337
-0.799951449470
-0.362208141313
-0.478417120155
-0.715031079164
-0.333237687152
-0.614559354082
-0.697593170623
-0.475184601743
-0.536249347381
-0.603221163364
-0.440805126761
-0.664691709208
-0.720890424844
-0.179772332057
-0.669327202492
-0.823568924243
-0.159713757217
-0.544266242547
-0.614912450271
-0.284556925013
-0.735465862518
-0.835765639737
0.499971671656
0.226989257403
-0.779439694462
0.613909267167
0.124856615296
-0.797831384082
0.601762735438
-0.036697313426
-0.868125236849
0.492482590885
0.061801867461
-0.875370284208
0.473014643313
-0.099920031711
-0.702869865357
0.700159919120
-0.125499163467
-0.655841058728
0.754611895555
0.020818087652
-0.787962716648
0.582467610116
-0.199615230728
0.226989257403
0.835765639737
-0.499971671656
0.124856615296
0.779439694462
-0.613909267167
-0.036697313426
0.797831384082
-0.601762735438
0.061801867461
0.868125236849
-0.492482590885
-0.099920031711
0.875370284208
-0.473014643313
-0.125499163467
0.702869865357
-0.700159919120
0.020818087652
0.655841058728
-0.754611895555
-0.199615230728
0.787962716648
-0.582467610116
0.356019231956
-0.756020729896
-0.549256736368
0.285042509340
-0.680439367425
-0.675094834174
0.355917874146
-0.555181853663
-0.751728392591
0.436988947084
-0.636246869502
-0.635791303161
0.502559102516
-0.503017701743
-0.703141195075
0.257335080639
-0.466265290442
-0.846389588311
0.146847471467
-0.577950615949
-0.802750836591
0.407925922275
-0.412481634528
-0.814527680999
-0.996277979768
-0.079744909842
-0.032725164381
-0.976117408480
-0.099000327037
-0.193374610815
-0.935000422590
-0.242649530419
-0.258641479937
-0.967667192629
-0.231878367347
-0.099260400297
-0.913819770074
-0.372352582465
-0.162132606693
-0.879932251177
-0.236604574915
-0.411992121852
-0.914325652772
-0.077890442779
-0.397418771080
-0.867024535129
-0.375481082120
-0.327539940242
-0.356019231956
0.756020729896
-0.549256736368
-0.285042509340
0.680439367425
-0.675094834174
-0.355917874146
0.555181853663
-0.751728392591
-0.436988947084
0.636246869502
-0.635791303161
-0.502559102516
0.503017701743
-0.703141195075
-0.257335080639
0.466265290442
-0.846389588311
-0.146847471467
0.577950615949
-0.802750836591
-0.407925922275
0.412481634528
-0.814527680999
0.996277979768
0.079744909842
-0.032725164381
0.976117408480
0.099000327037
-0.193374610815
0.935000422590
0.242649530419
-0.258641479937
0.967667192629
0.231878367347
-0.099260400297
0.913819770074
0.372352582465
-0.162132606693
0.879932251177
0.236604574915
-0.411992121852
0.914325652772
0.077890442779
-0.397418771080
0.867024535129
0.375481082120
-0.327539940242
-0.226989257403
-0.835765639737
-0.499971671656
-0.124856615296
-0.779439694462
-0.613909267167
0.036697313426
-0.797831384082
-0.601762735438
-0.061801867461
-0.868125236849
-0.492482590885
0.099920031711
-0.875370284208
-0.473014643313
0.125499163467
-0.702869865357
-0.700159919120
-0.020818087652
-0.655841058728
-0.754611895555
0.199615230728
-0.787962716648
-0.582467610116
0.776245993770
0.496306308112
-0.388744396337
0.799951449470
0.362208141313
-0.478417120155
0.715031079164
0.333237687152
-0.614559354082
0.697593170623
0.475184601743
-0.536249347381
0.603221163364
0.440805126761
-0.664691709208
0.720890424844
0.179772332057
-0.669327202492
0.823568924243
0.159713757217
-0.544266242547
0.614912450271
0.284556925013
-0.735465862518
-0.855990903612
0.447021243400
-0.259714421783
-0.898951776507
0.301022574307
-0.318231226111
-0.957680609583
0.183272029999
-0.221944166511
-0.929471537969
0.331875889467
-0.161062267759
-0.975573745829
0.210678574999
-0.062212574982
-0.957494999759
0.033542662865
-0.286492958385
-0.901459367022
0.111574816181
-0.418236858732
-0.990393532391
0.052496854130
-0.127924709514
0.447021243400
-0.259714421783
-0.855990903612
0.301022574307
-0.318231226111
-0.898951776507
0.183272029999
-0.221944166511
-0.957680609583
0.331875889467
-0.161062267759
-0.929471537969
0.210678574999
-0.062212574982
-0.975573745829
0.033542662865
-0.286492958385
-0.957494999759
0.111574816181
-0.418236858732
-0.901459367022
0.052496854130
-0.127924709514
-0.990393532391
0.756020729896
-0.549256736368
-0.356019231956
0.680439367425
-0.675094834174
-0.285042509340
0.555181853663
-0.751728392591
-0.355917874146
0.636246869502
-0.635791303161
-0.436988947084
0.503017701743
-0.703141195075
-0.502559102516
0.466265290442
-0.846389588311
-0.257335080639
0.577950615949
-0.802750836591
-0.146847471467
0.412481634528
-0.814527680999
-0.407925922275
-0.756020729896
-0.549256736368
0.356019231956
-0.680439367425
-0.675094834174
0.285042509340
-0.555181853663
-0.751728392591
0.355917874146
-0.636246869502
-0.635791303161
0.436988947084
-0.503017701743
-0.703141195075
0.502559102516
-0.466265290442
-0.846389588311
0.257335080639
-0.577950615949
-0.802750836591
0.146847471467
-0.412481634528
-0.814527680999
0.407925922275
-0.259714421783
-0.855990903612
0.447021243400
-0.318231226111
-0.898951776507
0.301022574307
-0.221944166511
-0.957680609583
0.183272029999
-0.161062267759
-0.929471537969
0.331875889467
-0.062212574982
-0.975573745829
0.210678574999
-0.286492958385
-0.957494999759
0.033542662865
-0.418236858732
-0.901459367022
0.111574816181
-0.127924709514
-0.990393532391
0.052496854130
0.259714421783
0.855990903612
0.447021243400
0.318231226111
0.898951776507
0.301022574307
0.221944166511
0.957680609583
0.183272029999
0.161062267759
0.929471537969
0.331875889467
0.062212574982
0.975573745829
0.210678574999
0.286492958385
0.957494999759
0.033542662865
0.418236858732
0.901459367022
0.111574816181
0.127924709514
0.990393532391
0.052496854130
-0.079744909842
-0.032725164381
-0.996277979768
-0.099000327037
-0.193374610815
-0.976117408480
-0.242649530419
-0.258641479937
-0.935000422590
-0.231878367347
-0.099260400297
-0.967667192629
-0.372352582465
-0.162132606693
-0.913819770074
-0.236604574915
-0.411992121852
-0.879932251177
-0.077890442779
-0.397418771080
-0.914325652772
-0.375481082120
-0.327539940242
-0.867024535129
0.835765639737
-0.499971671656
0.226989257403
0.779439694462
-0.613909267167
0.124856615296
0.797831384082
-0.601762735438
-0.036697313426
0.868125236849
-0.492482590885
0.061801867461
0.875370284208
-0.473014643313
-0.099920031711
0.702869865357
-0.700159919120
-0.125499163467
0.655841058728
-0.754611895555
0.020818087652
0.787962716648
-0.582467610116
-0.199615230728
